Question 1 : Convert from decimal to binary

1) 512 --> 0 0 0 0 0 1 0 0 0 0 0 0 0 0 0  

2) 44 --> 0 0 1 0 1 1 0 0

3) 129 --> 1 0 0 0 0 0 0 1

4) 717 --> 0 0 0 0 0 1 0 1 1 0 0 1 1 0 1

5) 999 --> 0 0 0 0 0 1 1 1 1 1 0 0 1 1 1
                                             
-----------------------------------------------
Question 2 : Write your name in binary

Y	o	u	s	s	e	f
89	111	117	115	115	101	102

89 --> 1011001
111 --> 1101111
117 --> 1110101
115 --> 1110011
115 --> 1110011
101 --> 1100101
102 --> 1100110

Youssef --> 1011001 1101111 1110101 1110011 1110011 1100101 1100110 
             
